9
88
1
57
8
117
8
165
10
271
0
58
8
5
4
156
2
180
10
3
0
137
0
42
2
65
1
99
4
183
10
4
4
196
7
28
7
216
1
137
8
218
2
258
10
227
2
180
9
7
1
173
0
54
0
161
8
115
6
103
10
246
6
167
10
35
3
196
10
107
10
41
1
116
5
76
10
181
5
179
9
111
8
172
5
295
2
245
8
76
7
183
2
56
2
95
8
297
9
66
6
121
4
18
0
130
4
78
5
42
8
121
1
36
2
153
5
25
1
187
1
224
7
286
0
15
2
19
4
120
9
225
4
3
6
95
5
134
5
216
2
52
7
212
10
295
3
205
0
220
4
84
0
11
0
45
6
85
10
95
8
246
7
21
6
298
1
3
2
299
2
120
7
11
9
211
3
254
10
280
4
142
6
21
2
123
4
196
9
190
6
284
5
20
3
168
10
131
5
111
4
225
6
12
10
147
2
137
1
245
1
64
10
164
4
9
1
206
9
97
4
218
6
142
7
21
3
200
3
0
4
235
2
257
4
158
9
133
1
264
6
165
10
213
8
217
4
196
9
273
1
138
6
84
7
103
9
105
6
296
7
55
9
12
4
229
8
33
9
248
5
258
0
238
1
217
10
244
5
22
10
20
0
44
10
102
9
33
1
249
10
117
10
125
3
215
0
137
10
202
10
231
7
61
7
13
8
185
0
62
9
153
5
225
4
222
7
291
7
115
1
280
3
259
1
57
8
164
5
15
8
190
5
172
5
209
2
141
2
23
5
246
3
150
7
157
1
7
7
265
7
107
8
156
0
208
5
38
3
87
9
215
2
27
3
60
4
143
8
22
4
12
7
212
1
28
10
264
3
299
4
57
8
144
2
62
9
272
6
133
4
230
10
150
2
293
0
1
5
60
